-3.24823 -1.42466 -3.23041 0.56123 1
-3.89991 -0.586925 -3.53378 0.56123 1
-0.735016 4.83288 1.56778 0.56123 1
2.07352 2.0768 -4.42938 0.56123 1
2.02146 -1.15979 1.02016 0.56123 1
2.91884 2.07254 1.49734 0.56123 1
-1.32223 2.71005 -0.495631 0.56123 1
-4.85541 -0.502256 -2.62744 0.56123 1
-0.199065 -2.67675 0.065165 0.56123 1
1.71941 -2.7665 -0.185442 0.56123 1
0.788964 -2.31303 -0.470417 0.56123 1
3.13792 -4.94628 -3.82892 0.56123 1
3.18547 2.37717 -4.42349 0.56123 1
4.38546 -4.11687 -4.97354 0.56123 1
3.87808 3.19605 -4.42833 0.56123 1
1.945 1.75524 3.8754 0.56123 1
-1.65477 -4.42067 1.74107 0.56123 1
0.437189 -3.55069 -0.273413 0.56123 1
-3.79041 -0.791825 -2.41131 0.56123 1
-2.00515 -4.07313 0.323823 0.56123 1
3.4182 1.47956 0.676304 0.56123 1
1.40101 1.84018 4.7975 0.56123 1
2.94179 -2.18253 1.27096 0.56123 1
2.80525 -4.64056 4.07084 0.56123 1
2.30904 -4.91646 -4.74603 0.56123 1
2.21447 1.44993 0.899294 0.56123 1
2.43427 -3.12665 0.576576 0.56123 1
1.31197 0.813028 3.82479 0.56123 1
2.23759 -0.0706537 0.82915 0.56123 1
-2.01805 3.93818 1.3218 0.56123 1
2.74338 0.845762 0.133829 0.56123 1
-2.23575 -2.57501 -4.39231 0.56123 1
-1.51005 4.9207 -0.184392 0.56123 1
2.99731 3.14909 1.13975 0.56123 1
2.92512 1.71887 3.43498 0.56123 1
1.41159 0.659423 0.459289 0.56123 1
-0.972441 -3.55749 0.271291 0.56123 1
3.6492 4.2376 -4.63296 0.56123 1
2.1138 1.11387 3.04671 0.56123 1
-2.24529 4.10823 0.232749 0.56123 1
2.20349 1.10881 -4.95122 0.56123 1
-2.32652 3.1459 -0.274542 0.56123 1
-2.02889 4.95955 0.884756 0.56123 1
1.90133 2.52702 1.15732 0.56123 1
-2.00507 4.0994 -0.845587 0.56123 1
-4.11399 -1.70442 -4.02572 0.56123 1
2.11756 0.0820619 -0.262979 0.56123 1
-4.92205 -0.863567 -3.75384 0.56123 1
-3.24923 -2.78797 -4.78256 0.56123 1
3.15293 0.789232 2.79111 0.56123 1
-0.997571 -2.87054 -1.38309 0.56123 1
1.77054 -0.844839 -0.671255 0.56123 1
3.37889 3.96374 -3.57378 0.56123 1
2.48805 2.38371 4.60804 0.56123 1
-2.58807 4.84278 1.86901 0.56123 1
-2.6295 -2.15183 4.4784 0.56123 1
-1.5631 4.54093 2.27122 0.56123 1
0.032682 -2.77978 -1.06649 0.56123 1
2.48925 -0.983971 0.0712073 0.56123 1
3.48136 -3.8323 -4.32773 0.56123 1
3.22135 -0.163655 0.227234 0.56123 1
4.19664 -4.90083 -4.23034 0.56123 1
-3.05254 -1.71457 -4.53887 0.56123 1
-1.11457 4.36092 0.673858 0.56123 1
-1.61095 -3.49319 1.1686 0.56123 1
3.52973 0.682719 3.77494 0.56123 1
-2.47003 -3.96937 2.22826 0.56123 1
2.7918 -0.174842 3.49797 0.56123 1
-4.36311 -1.47056 -2.99534 0.56123 1
1.5778 -1.60685 0.0745866 0.56123 1
2.77105 4.37788 4.66303 0.56123 1
-2.21979 3.02859 -1.26249 0.56123 1
-2.75406 -4.28226 1.15005 0.56123 1
-1.1519 -2.64971 -0.39704 0.56123 1
2.84161 2.34126 0.431652 0.56123 1
-1.19854 3.56928 -1.31746 0.56123 1
-2.10085 3.62494 -2.14057 0.56123 1
2.54743 -2.0769 0.186321 0.56123 1
3.18141 1.54076 4.48777 0.56123 1
-1.72733 -3.64029 -0.652029 0.56123 1
-0.568619 -3.63736 -0.790574 0.56123 1
-3.27406 -2.43006 -3.79506 0.56123 1
3.06657 1.34206 -4.36154 0.56123 1
-1.16411 3.93937 -0.237727 0.56123 1
3.65293 2.58783 4.67655 0.56123 1
-0.834827 -4.63126 2.50729 0.56123 1
1.86561 -2.28734 0.980475 0.56123 1
2.48693 -4.1096 -3.88072 0.56123 1
-1.07212 -4.53745 0.727793 0.56123 1
-1.94973 -4.64193 2.88895 0.56123 1
2.41565 0.7835 4.03752 0.56123 1
2.63665 3.14176 -3.9162 0.56123 1
2.52686 4.1337 -4.31178 0.56123 1
3.37676 -4.71787 -4.93294 0.56123 1
-1.53314 3.31918 0.568499 0.56123 1
1.39927 -0.519583 0.316366 0.56123 1
-0.879421 3.8075 1.52057 0.56123 1
3.12857 0.485829 4.89911 0.56123 1
2.91396 3.30289 -4.97407 0.56123 1
2.6259 -3.9483 4.85208 0.56123 1
